// Experience Tables [Renewal]
// Only official levels included, check db/import-tmpl/job_exp.txt for an expanded list
//
// Structure of Database:
// Max Level,Class list,Type,Exp for Lv 1,2,3,4,5,6,7,8,9,10,11,12,13,14,15,16,17,18,19,20,21,22,23,24,25,26,27,28,29,30,31,32,33,34,35,36,37,38,39,40,41,42,43,44,45,46,47,48,49,50,51,52,53,54,55,56,57,58,59,60,61,62,63,64,65,66,67,68,69,70,71,72,73,74,75,76,77,78,79,80,81,82,83,84,85,86,87,88,89,90,91,92,93,94,95,96,97,98,99,100,101,102,103,104,105,106,107,108,109,110,111,112,113,114,115,116,117,118,119,120,121,122,123,124,125,126,127,128,129,130,131,132,133,134,135,136,137,138,139,140,141,142,143,144,145,146,147,148,149,150,151,152,153,154,155,156,157,158,159,160,161,162,163,164,165,166,167,168,169,170,171,172,173,174,175
//
// Type:
//	0 = Base Exp, 1 = Job Exp

//Base - Normal and Baby Jobs
255,0:1:2:3:4:5:6:7:8:9:10:11:12:13:14:15:16:17:18:19:20:21:23:24:25:4023:4024:4025:4026:4027:4028:4029:4030:4031:4032:4033:4034:4035:4036:4037:4038:4039:4040:4041:4042:4043:4044:4045:4046:4047:4048:4049:4050:4051:4052:4222:4225:4226:4227:4228:4238,0,550,900,1500,2200,3200,3800,4200,4550,5000,5500,6000,6100,6350,6700,7350,8000,8400,8800,9200,9700,10300,11000,11800,13000,14000,15000,16000,17000,18000,19000,20000,21000,22000,23200,24000,26000,27500,29000,30000,31500,33000,34000,36000,37500,38000,40000,42000,44500,47000,49000,51000,53000,55000,57000,59000,61500,63000,65000,67000,69000,70000,73000,77000,80000,84000,88000,91000,95000,110000,128000,140000,155000,163000,170000,180000,188000,195000,200000,230000,260000,300000,350000,400000,480000,550000,600000,680000,750000,900000,1000000,1200000,1500000,1800000,2100000,2400000,2800000,3300000,4000000,4150000,4300000,4450000,4600000,4750000,4900000,5050000,5200000,5350000,5500000,5650000,5800000,5950000,6100000,6250000,6400000,6550000,6700000,6850000,7000000,7150000,7300000,7450000,7600000,7750000,7900000,8050000,8200000,8350000,8500000,8650000,8800000,8950000,9100000,9250000,9400000,9550000,9700000,9850000,10000000,10150000,10300000,10450000,10600000,10750000,10900000,11050000,11200000,11350000,11500000,11650000,11800000,11950000,12100000,12250000,12400000,12550000,12700000,12850000,13000000,13150000,13300000,13450000,13600000,13750000,13900000,14050000,14200000,14350000,14500000,14650000,14800000,14950000,15100000,15250000,15400000,15550000,15700000,15850000,16000000,16150000,16300000,16450000,16600000,16750000,16900000,17050000,17200000,17350000,17500000,17650000,17800000,17950000,18100000,18250000,18400000,18550000,18700000,18850000,19000000,19150000,19300000,19450000,19600000,19750000,19900000,20050000,20200000,20350000,20500000,20650000,20800000,20950000,21100000,21250000,21400000,21550000,21700000,21850000,22000000,22150000,22300000,22450000,22600000,22750000,22900000,23050000,23200000,23350000,23500000,23650000,23800000,23950000,24100000,24250000,24400000,24550000,24700000,24850000,25000000,25150000,25300000,25450000,25600000,25750000,25900000,26050000,26200000,26350000,26500000,26650000,26800000,26950000,27100000,27250000,27400000,99999999

//Base - Adv Jobs
255,4001:4002:4003:4004:4005:4006:4007:4008:4009:4010:4011:4012:4013:4014:4015:4016:4017:4018:4019:4020:4021:4022,0,660,1080,1800,2640,3840,4560,5040,5460,6000,6600,7200,7320,7620,8040,8820,9600,10080,10560,11040,12610,13390,14300,15340,16900,18460,19500,20800,22100,23400,24700,26000,27300,28600,30160,31200,33800,35750,37700,39000,44100,46200,47600,50400,52500,53200,56000,58800,62300,65800,68600,71400,74200,77000,79800,82600,86100,88200,91000,93800,103500,105000,109500,115500,120000,126000,132000,136500,142500,165000,192000,210000,232500,244500,255000,270000,282000,292500,300000,345000,416000,480000,560000,640000,768000,880000,960000,1088000,1200000,1440000,1700000,2040000,2550000,3060000,3570000,4080000,4760000,5610000,6800000,4150000,4300000,4450000,4600000,4750000,4900000,5050000,5200000,5350000,5500000,5650000,5800000,5950000,6100000,6250000,6400000,6550000,6700000,6850000,7000000,7150000,7300000,7450000,7600000,7750000,7900000,8050000,8200000,8350000,8500000,8650000,8800000,8950000,9100000,9250000,9400000,9550000,9700000,9850000,10000000,10150000,10300000,10450000,10600000,10750000,10900000,11050000,11200000,11350000,11500000,11650000,11800000,11950000,12100000,12250000,12400000,12550000,12700000,12850000,13000000,13150000,13300000,13450000,13600000,13750000,13900000,14050000,14200000,14350000,14500000,14650000,14800000,14950000,15100000,15250000,15400000,15550000,15700000,15850000,16000000,16150000,16300000,16450000,16600000,16750000,16900000,17050000,17200000,17350000,17500000,17650000,17800000,17950000,18100000,18250000,18400000,18550000,18700000,18850000,19000000,19150000,19300000,19450000,19600000,19750000,19900000,20050000,20200000,20350000,20500000,20650000,20800000,20950000,21100000,21250000,21400000,21550000,21700000,21850000,22000000,22150000,22300000,22450000,22600000,22750000,22900000,23050000,23200000,23350000,23500000,23650000,23800000,23950000,24100000,24250000,24400000,24550000,24700000,24850000,25000000,25150000,25300000,25450000,25600000,25750000,25900000,26050000,26200000,26350000,26500000,26650000,26800000,26950000,27100000,27250000,27400000,99999999

//Base - 3rd Jobs, Baby 3rds, Oboro/Kagerou, Rebellion, Summoner, Star Emperor, Soul Reaper
//Note: (First 98 values [Level 1 - 98] are only used by Summoner Class, because 3rd classes start at level 99.)
255,4054:4055:4056:4057:4058:4059:4060:4061:4062:4063:4064:4065:4066:4067:4068:4069:4070:4071:4072:4073:4074:4075:4076:4077:4078:4079:4080:4081:4082:4083:4084:4085:4086:4087:4096:4097:4098:4099:4100:4101:4102:4103:4104:4105:4106:4107:4108:4109:4110:4111:4112:4211:4212:4215:4218:4220:4223:4224:4229:4239:4240:4241:4242:4243:4244,0,660,1080,1800,2640,3840,4560,5040,5460,6000,6600,7200,7320,7620,8040,8820,9600,10080,10560,11040,12610,13390,14300,15340,16900,18460,19500,20800,22100,23400,24700,26000,27300,28600,30160,31200,33800,35750,37700,39000,44100,46200,47600,50400,52500,53200,56000,58800,62300,65800,68600,71400,74200,77000,79800,82600,86100,88200,91000,93800,103500,105000,109500,115500,120000,126000,132000,136500,142500,165000,192000,210000,232500,244500,255000,270000,282000,292500,300000,345000,416000,480000,560000,640000,768000,880000,960000,1088000,1200000,1440000,1700000,2040000,2550000,3060000,3570000,4080000,4760000,5610000,6800000,4150000,4300000,4450000,4600000,4750000,4900000,5050000,5200000,5350000,5500000,5650000,5800000,5950000,6100000,6250000,6400000,6550000,6700000,6850000,7000000,7150000,7300000,7450000,7600000,7750000,7900000,8050000,8200000,8350000,8500000,8650000,8800000,8950000,9100000,9250000,9400000,9550000,9700000,9850000,10000000,10150000,10300000,10450000,10600000,10750000,10900000,11050000,11200000,11350000,11500000,11650000,11800000,11950000,12100000,12250000,12400000,12550000,12700000,12850000,13000000,13150000,13300000,13450000,13600000,13750000,13900000,14050000,14200000,14350000,14500000,14650000,14800000,14950000,15100000,15250000,15400000,15550000,15700000,15850000,16000000,16150000,16300000,16450000,16600000,16750000,16900000,17050000,17200000,17350000,17500000,17650000,17800000,17950000,18100000,18250000,18400000,18550000,18700000,18850000,19000000,19150000,19300000,19450000,19600000,19750000,19900000,20050000,20200000,20350000,20500000,20650000,20800000,20950000,21100000,21250000,21400000,21550000,21700000,21850000,22000000,22150000,22300000,22450000,22600000,22750000,22900000,23050000,23200000,23350000,23500000,23650000,23800000,23950000,24100000,24250000,24400000,24550000,24700000,24850000,25000000,25150000,25300000,25450000,25600000,25750000,25900000,26050000,26200000,26350000,26500000,26650000,26800000,26950000,27100000,27250000,27400000,99999999

//Base - Expanded Super Novice & Expanded Super Baby
255,4190:4191,0,660,1080,1800,2640,3840,4560,5040,5460,6000,6600,7200,7320,7620,8040,8820,9600,10080,10560,11040,12610,13390,14300,15340,16900,18460,19500,20800,22100,23400,24700,26000,27300,28600,30160,31200,33800,35750,37700,39000,44100,46200,47600,50400,52500,53200,56000,58800,62300,65800,68600,71400,74200,77000,79800,82600,86100,88200,91000,93800,103500,105000,109500,115500,120000,126000,132000,136500,142500,165000,192000,210000,232500,244500,255000,270000,282000,292500,300000,345000,416000,480000,560000,640000,768000,880000,960000,1088000,1200000,1440000,1700000,2040000,2550000,3060000,3570000,4080000,4760000,5610000,6800000,4150000,4300000,4450000,4600000,4750000,4900000,5050000,5200000,5350000,5500000,5650000,5800000,5950000,6100000,6250000,6400000,6550000,6700000,6850000,7000000,7150000,7300000,7450000,7600000,7750000,7900000,8050000,8200000,8350000,8500000,8650000,8800000,8950000,9100000,9250000,9400000,9550000,9700000,9850000,10000000,10150000,10300000,10450000,10600000,10750000,10900000,11050000,11200000,11350000,11500000,11650000,11800000,11950000,12100000,12250000,12400000,12550000,12700000,12850000,13000000,13150000,13300000,13450000,13600000,13750000,13900000,14050000,14200000,14350000,14500000,14650000,14800000,14950000,15100000,15250000,15400000,15550000,15700000,15850000,16000000,16150000,16300000,16450000,16600000,16750000,16900000,17050000,17200000,17350000,17500000,17650000,17800000,17950000,18100000,18250000,18400000,18550000,18700000,18850000,19000000,19150000,19300000,19450000,19600000,19750000,19900000,20050000,20200000,20350000,20500000,20650000,20800000,20950000,21100000,21250000,21400000,21550000,21700000,21850000,22000000,22150000,22300000,22450000,22600000,22750000,22900000,23050000,23200000,23350000,23500000,23650000,23800000,23950000,24100000,24250000,24400000,24550000,24700000,24850000,25000000,25150000,25300000,25450000,25600000,25750000,25900000,26050000,26200000,26350000,26500000,26650000,26800000,26950000,27100000,27250000,27400000,99999999

//Job - Novice & Baby Novice
10,0:4023,1,10,18,28,40,91,151,205,268,340,999999999

//Job - 1st Classes & Baby 1st Classes, Taekwon
50,1:2:3:4:5:6:4024:4025:4026:4027:4028:4029:4046:4050:4225,1,60,130,260,460,780,1060,1300,1560,1910,2290,2680,2990,3340,3740,4360,4970,5530,6120,6700,8090,8920,9970,11080,12690,14440,15850,17400,19220,21060,22870,24910,26840,29080,31320,33300,37110,40500,43570,46180,53510,57200,60310,65690,70090,72130,77540,83320,90120,97180,999999999

//Job - 2nd Classes & Baby 2nd Classes, Soul Linker
50,7:8:9:10:11:12:13:14:15:16:17:18:19:20:21:4030:4031:4032:4033:4034:4035:4036:4037:4038:4039:4040:4041:4042:4043:4044:4049:4051:4052:4227,1,2500,4200,7000,10300,15900,18900,20900,22600,24900,28800,31500,32000,33300,35100,40500,44100,46300,48500,50700,56000,59400,63500,68100,75000,85700,90500,96600,102600,108600,119700,126000,132300,138600,146100,157500,170600,180400,190300,196800,214900,225200,232000,245700,255900,279300,294000,308700,327000,345400,999999999

//Job - Novice High
10,4001,1,11,20,31,44,100,166,226,295,374,999999999

//Job - Adv First Classes
50,4002:4003:4004:4005:4006:4007,1,100,200,350,550,800,1100,1450,1850,2300,2800,3350,3950,4600,5300,6050,6850,7700,8600,9550,10550,11600,12700,13850,15050,16300,17600,18950,20350,21800,23300,24850,26450,28100,29800,31550,33350,35200,37100,39050,41050,43100,45200,47350,49550,51800,54100,56450,58850,61300,999999999

//Job - Adv Second Classes
70,4008:4009:4010:4011:4012:4013:4014:4015:4016:4017:4018:4019:4020:4021:4022,1,3800,6200,10400,15200,22900,27100,30000,32500,35700,41300,45000,45800,47600,50300,58700,63900,67100,70300,73500,90600,96200,102700,110200,121400,144700,152900,163100,173300,183500,213500,224700,236000,247200,260700,299800,324800,343600,362300,374800,474400,497000,512100,542200,564800,644300,678200,712100,754500,796900,873100,911900,950600,989400,1028100,1143300,1199900,1233800,1279100,1324300,1486900,1515900,1603000,1719200,1806300,2040300,2244300,2415900,2746000,3326000,999999999

//Job - 3rd Jobs & Baby 3rds, Oboro/Kagerou, Rebellion, Star Emperor, Soul Reaper
60,4054:4055:4056:4057:4058:4059:4060:4061:4062:4063:4064:4065:4066:4067:4068:4069:4070:4071:4072:4073:4074:4075:4076:4077:4078:4079:4080:4081:4082:4083:4084:4085:4086:4087:4096:4097:4098:4099:4100:4101:4102:4103:4104:4105:4106:4107:4108:4109:4110:4111:4112:4211:4212:4215:4223:4224:4229:4239:4240:4241:4242:4243:4244,1,112000,355000,615000,917000,1253000,1595000,2007000,2430000,2868000,3420000,3863000,4504000,4998000,5769000,6321000,7254000,7870000,9015000,9530000,11072000,11848000,13467000,14337000,16243000,17216000,19446000,20781000,23070000,24453000,27568000,29118000,31820000,34125000,37048000,40204000,42972000,45937000,49110000,52696000,57158000,61305000,67167000,72285000,77647000,83624000,91113000,98548000,107630000,119077000,131668000,145518000,160753000,177511000,195944000,216220000,238523000,263056000,290042000,319726000,999999999

//Job - Expanded Super Novice & Expanded Super Baby
50,4190:4191,1,112000,355000,615000,917000,1253000,1595000,2007000,2430000,2868000,3420000,3863000,4504000,4998000,5769000,6321000,7254000,7870000,9015000,9530000,11072000,11848000,13467000,14337000,16243000,17216000,19446000,20781000,23070000,24453000,27568000,29118000,31820000,34125000,37048000,40204000,42972000,45937000,49110000,52696000,57158000,61305000,67167000,72285000,77647000,83624000,91113000,98548000,107630000,119077000,999999999

//Job - Ninja/Gunslinger
70,24:25:4222:4228,1,200,300,400,600,700,1000,1200,1400,1700,1900,2400,2700,3200,3600,4200,4900,5500,6100,6900,7700,8400,9300,10100,11100,12100,13000,14600,16100,17500,18600,21500,23300,24700,27000,29000,30000,32400,35000,38100,41100,44000,46700,49600,52500,55600,58900,62700,65500,69200,72300,81200,84100,89300,95500,100900,107800,114900,120700,128600,150500,176900,196100,219600,234200,247900,266400,281300,296600,308000,999999999

//Job - Star Gladiator
50,4047:4048:4226:4238,1,50700,50700,50700,50700,50700,50700,50700,50700,50700,50700,50700,50700,50700,50700,50700,50700,50700,50700,101400,112000,118800,127000,136200,150000,171400,181000,193200,205200,217200,239400,252000,264600,277200,292200,315000,341200,360800,380600,393600,429800,450400,464000,491400,511800,558600,588000,617400,654000,690800,999999999

//Job - Super Novice & Baby Super Novice
99,23:4045,1,60,130,260,460,780,1060,1300,1560,1910,2290,2680,2990,3340,3740,4360,4970,5530,6120,6700,8090,8920,9970,11080,12690,14440,15850,17400,19220,21060,22870,24910,26840,29080,31320,33300,37110,40500,43570,46180,53510,57200,60310,65690,70090,72130,77540,83320,90120,97180,590120,600120,610120,620120,630120,640120,650120,660120,670120,680120,690120,700120,710120,720120,730120,740120,750120,760120,770120,780120,790120,800120,810120,820120,830120,840120,850120,860120,870120,880120,890120,900120,910120,920120,930120,940120,950120,960120,970120,980120,990120,1000120,1010120,1020120,1030120,1040120,1050120,1060120,1070120,999999999

//Job - Summoner
50,4218:4220,1,60,130,260,460,780,1060,1300,1560,1910,2500,4200,7000,10300,15900,18900,20900,22600,24900,28800,31500,34900,38300,41700,45100,48500,51900,55000,72000,89000,106000,112000,355000,615000,917000,1253000,1595000,2007000,2430000,2868000,3420000,3863000,4504000,4998000,5769000,6321000,7254000,7870000,9015000,9530000,999999999
